name_of_city,state_code,state_name,dist_code,population_total,population_male,population_female,0-6_population_total,0-6_population_male,0-6_population_female
Abohar ,3,PUNJAB,9,145238,76840,68398,15870,8587,7283
Achalpur ,27,MAHARASHTRA,7,112293,58256,54037,11810,6186,5624
Adilabad ,28,ANDHRA PRADESH,1,117388,59232,58156,13103,6731,6372
Adityapur ,20,JHARKHAND,24,173988,91495,82493,23042,12063,10979
Adoni ,28,ANDHRA PRADESH,21,166537,82743,83794,18406,9355,9051
Agartala ,16,TRIPURA,1,399688,199616,200072,33635,17341,16294
Agra ,9,UTTAR PRADESH,15,1574542,849771,724771,186516,105279,81237
Ahmadabad ,24,GUJARAT,7,5570585,2935869,2634716,589076,317917,271159
Ahmadnagar ,27,MAHARASHTRA,26,350905,179755,171150,36712,19748,16964
Aizawl ,15,MIZORAM,3,291822,143803,148019,35147,17667,17480
Ajmer ,8,RAJASTHAN,21,542580,278786,263794,59437,31547,27890
Akbarpur ,9,UTTAR PRADESH,47,111594,57560,54034,14037,7247,6790
Akola ,27,MAHARASHTRA,5,427146,218184,208962,46500,24488,22012
Alandur ,33,TAMIL NADU,3,164162,82190,81972,14486,7336,7150
Alappuzha ,32,KERALA,11,174164,83888,90276,15434,7934,7500
Aligarh ,9,UTTAR PRADESH,12,872575,463123,409452,113658,60620,53038
Allahabad ,9,UTTAR PRADESH,44,1117094,601363,515731,102556,54660,47896
Alwar ,8,RAJASTHAN,6,315310,166900,148410,34576,18862,15714
Ambala ,6,HARYANA,2,196216,103533,92683,19645,10713,8932
Ambala Sadar ,6,HARYANA,2,104268,54241,50027,9646,5239,4407
Ambarnath ,27,MAHARASHTRA,21,254003,133006,120997,27465,14406,13059
Ambattur ,33,TAMIL NADU,1,478134,241181,236953,45216,23065,22151
Ambikapur ,22,CHHATTISGARH,2,114575,59673,54902,12995,6887,6108
Ambur ,33,TAMIL NADU,4,113856,56052,57804,12150,6216,5934
Amravati ,27,MAHARASHTRA,7,646801,330544,316257,62497,32713,29784
Amreli ,24,GUJARAT,13,105980,55166,50814,9885,5386,4499
Amritsar ,3,PUNJAB,15,1132761,602754,530007,109540,60056,49484
Amroha ,9,UTTAR PRADESH,6,197135,102804,94331,26855,13799,13056
Anand ,24,GUJARAT,15,197351,102359,94992,19993,10631,9362
Anantapur ,28,ANDHRA PRADESH,22,262340,131506,130834,23630,12409,11221
Anantnag ,1,JAMMU & KASHMIR,14,108505,56030,52475,18056,9633,8423
Arrah ,10,BIHAR,29,261099,139319,121780,34419,18356,16063
Asansol ,19,WEST BENGAL,9,564491,293748,270743,56014,29363,26651
Ashoknagar Kalyangarh ,19,WEST BENGAL,11,123906,62554,61352,8885,4564,4321
Aurangabad ,10,BIHAR,33,101520,53307,48213,14292,7548,6744
Aurangabad ,27,MAHARASHTRA,19,1171330,610377,560953,151827,81671,70156
Avadi ,33,TAMIL NADU,1,344701,175055,169646,33414,17005,16409
Azamgarh ,9,UTTAR PRADESH,60,110980,58033,52947,12629,6790,5839
Badlapur ,27,MAHARASHTRA,21,175516,91695,83821,17194,9096,8098
Bagaha ,10,BIHAR,1,113012,59946,53066,19070,9802,9268
Bagalkot ,29,KARNATAKA,2,112068,56837,55231,12399,6476,5923
Bahadurgarh ,6,HARYANA,15,170426,91736,78690,20374,11420,8954
Baharampur ,19,WEST BENGAL,7,195363,100431,94932,13228,6741,6487
Bahraich ,9,UTTAR PRADESH,49,186241,98529,87712,22828,12046,10782
Baidyabati ,19,WEST BENGAL,12,121081,62550,58531,8154,4164,3990
Baleshwar Town ,21,ORISSA,8,118202,60308,57894,11115,5685,5430
Ballia ,9,UTTAR PRADESH,62,104271,55706,48565,10798,5780,5018
Bally ,19,WEST BENGAL,15,291972,156734,135238,31859,14583,17276
Bally City,19,WEST BENGAL,15,115715,59951,55764,9584,4879,4705
Balurghat ,19,WEST BENGAL,5,151183,75677,75506,9391,4757,4634
Banda ,9,UTTAR PRADESH,39,154388,82215,72173,17697,9351,8346
Bankura ,19,WEST BENGAL,13,138036,70734,67302,10760,5502,5258
Bansberia ,19,WEST BENGAL,12,103799,53807,49992,8721,4518,4203
Banswara ,8,RAJASTHAN,27,100128,51240,48888,12244,6602,5642
Baran ,8,RAJASTHAN,30,118157,61360,56797,14845,7842,7003
Baranagar ,19,WEST BENGAL,11,248466,128432,120034,15016,7712,7304
Barasat ,19,WEST BENGAL,11,283443,143732,139711,21468,10932,10536
Baraut ,9,UTTAR PRADESH,8,102733,54521,48212,13536,7387,6149
Barddhaman ,19,WEST BENGAL,9,314638,160631,154007,22104,11394,10710
Bareilly ,9,UTTAR PRADESH,19,898167,477438,420729,94915,50224,44691
Baripada Town ,21,ORISSA,7,110058,57008,53050,9933,5228,4705
Barnala ,3,PUNJAB,20,116454,62302,54152,12984,7096,5888
Barrackpur ,19,WEST BENGAL,11,154475,79507,74968,10671,5553,5118
Barshi ,27,MAHARASHTRA,30,118573,60857,57716,13029,7060,5969
Basirhat ,19,WEST BENGAL,11,127135,64397,62738,10719,5504,5215
Basti ,9,UTTAR PRADESH,54,114651,60126,54525,12568,6541,6027
Batala ,3,PUNJAB,1,156400,82459,73941,14698,8028,6670
Bathinda ,3,PUNJAB,12,285813,151782,134031,30713,16472,14241
Beawar ,8,RAJASTHAN,21,145809,74946,70863,17709,9419,8290
Begusarai ,10,BIHAR,20,251136,133931,117205,37966,20012,17954
Belgaum ,29,KARNATAKA,1,488292,246407,241885,49848,25749,24099
Bellary ,29,KARNATAKA,11,409644,206026,203618,49587,25337,24250
Bengaluru,29,KARNATAKA,18,8425970,4401299,4024671,862493,444639,417854
Bettiah ,10,BIHAR,1,132896,70381,62515,18203,9685,8518
Betul ,23,MADHYA PRADESH,30,103341,52902,50439,11005,5772,5233
Bhadrak ,21,ORISSA,9,107369,55094,52275,12251,6285,5966
Bhadravati ,29,KARNATAKA,14,150776,75020,75756,14000,7087,6913
Bhadreswar ,19,WEST BENGAL,12,101334,53318,48016,8981,4674,4307
Bhagalpur ,10,BIHAR,22,398138,212005,186133,53775,28061,25714
Bhalswa Jahangir Pur ,7,NCT OF DELHI,1,197150,106271,90879,27653,14678,12975
Bharatpur ,8,RAJASTHAN,7,252109,134088,118021,31538,17245,14293
Bharuch ,24,GUJARAT,21,168729,86887,81842,16106,8406,7700
Bhatpara ,19,WEST BENGAL,11,390467,207876,182591,32498,16879,15619
Bhavnagar ,24,GUJARAT,14,593768,309447,284321,62089,33775,28314
Bhilai Nagar ,22,CHHATTISGARH,10,625697,322254,303443,67131,35011,32120
Bhilwara ,8,RAJASTHAN,24,360009,187952,172057,45832,24215,21617
Bhimavaram ,28,ANDHRA PRADESH,15,142280,70066,72214,12157,6149,6008
Bhind ,23,MADHYA PRADESH,3,197332,105394,91938,24486,13319,11167
Bhiwadi ,8,RAJASTHAN,6,104883,59757,45126,16884,9080,7804
Bhiwandi ,27,MAHARASHTRA,21,711329,418478,292851,88613,45820,42793
Bhiwani ,6,HARYANA,13,197662,105372,92290,22507,12444,10063
Bhopal ,23,MADHYA PRADESH,27,1795648,939560,856088,206967,107945,99022
Bhubaneswar Town ,21,ORISSA,17,837737,445233,392504,75237,39567,35670
Bhuj ,24,GUJARAT,1,147123,77900,69223,15894,8365,7529
Bhusawal ,27,MAHARASHTRA,3,187750,96655,91095,19440,10496,8944
Bid ,27,MAHARASHTRA,27,146237,75655,70582,19580,10626,8954
Bidar ,29,KARNATAKA,4,211944,109435,102509,25077,13103,11974
Bidhan Nagar ,19,WEST BENGAL,11,218323,111363,106960,12786,6500,6286
Biharsharif ,10,BIHAR,27,296889,154915,141974,43646,22758,20888
Bijapur ,29,KARNATAKA,3,326360,165122,161238,39134,20482,18652
Bikaner ,8,RAJASTHAN,3,647804,340894,306910,82264,43280,38984
Bilaspur ,22,CHHATTISGARH,7,330106,169738,160368,36448,19167,17281
Bokaro Steel City ,20,JHARKHAND,10,413934,220088,193846,48834,26058,22776
Bongaon ,19,WEST BENGAL,11,110668,56416,54252,8452,4387,4065
Botad ,24,GUJARAT,14,130302,67778,62524,16654,8889,7765
Brahmapur Town ,21,ORISSA,19,355823,185584,170239,29509,15544,13965
Budaun ,9,UTTAR PRADESH,18,159221,83475,75746,19613,10420,9193
Bulandshahr ,9,UTTAR PRADESH,11,222826,116923,105903,28936,15892,13044
Bundi ,8,RAJASTHAN,23,102823,53299,49524,12047,6419,5628
Burari ,7,NCT OF DELHI,2,145584,77767,67817,18134,9809,8325
Burhanpur ,23,MADHYA PRADESH,50,210891,108234,102657,28107,14628,13479
Buxar ,10,BIHAR,30,102591,54123,48468,13639,7260,6379
Champdani ,19,WEST BENGAL,12,110983,59296,51687,11604,6017,5587
Chandannagar ,19,WEST BENGAL,12,166949,84257,82692,10716,5514,5202
Chandausi ,9,UTTAR PRADESH,4,114254,60238,54016,14417,7730,6687
Chandigarh ,4,CHANDIGARH,1,960787,525226,435561,104192,56020,48172
Chandrapur ,27,MAHARASHTRA,13,321036,165125,155911,30353,15921,14432
Chapra ,10,BIHAR,17,201597,106250,95347,27668,14516,13152
Chas ,20,JHARKHAND,10,141618,75027,66591,17774,9423,8351
Chennai ,33,TAMIL NADU,2,4681087,2357633,2323454,418541,213084,205457
Chhattarpur ,23,MADHYA PRADESH,8,133626,70586,63040,16381,8811,7570
Chhindwara ,23,MADHYA PRADESH,38,138266,70444,67822,13745,7062,6683
Chikmagalur ,29,KARNATAKA,16,118496,58859,59637,10931,5599,5332
Chilakaluripet ,28,ANDHRA PRADESH,17,101550,50201,51349,9525,4916,4609
Chitradurga ,29,KARNATAKA,12,139914,70304,69610,14282,7349,6933
Chittaurgarh ,8,RAJASTHAN,28,116409,60229,56180,14067,7473,6594
Chittoor ,28,ANDHRA PRADESH,23,153766,76566,77200,13569,7112,6457
Churu ,8,RAJASTHAN,4,119846,61771,58075,16334,8513,7821
Coimbatore ,33,TAMIL NADU,31,1061447,531017,530430,96261,49040,47221
Cuddalore ,33,TAMIL NADU,16,173361,85593,87768,15940,8153,7787
Cuttack ,21,ORISSA,12,606007,303530,302477,48585,25358,23227
Dabgram ,19,WEST BENGAL,2,118464,60708,57756,14472,7427,7045
Dallo Pura ,7,NCT OF DELHI,4,154955,81425,73530,18832,9961,8871
Damoh ,23,MADHYA PRADESH,11,124979,65133,59846,14712,7682,7030
Darbhanga ,10,BIHAR,13,294116,154970,139146,40392,21202,19190
Darjiling ,19,WEST BENGAL,1,120414,60114,60300,6547,3440,3107
Datia ,23,MADHYA PRADESH,5,100466,52931,47535,12218,6553,5665
Davanagere ,29,KARNATAKA,13,435128,220544,214584,44545,22888,21657
Deesa ,24,GUJARAT,2,111149,58724,52425,14192,7790,6402
Dehradun ,5,UTTARAKHAND,5,578420,303411,275009,59180,31600,27580
Dehri ,10,BIHAR,32,137068,72311,64757,18372,9570,8802
Delhi ,7,NCT OF DELHI,99,11007835,5871362,5136473,1209275,647938,561337
Delhi Cantonment ,7,NCT OF DELHI,8,116352,67703,48649,13214,7258,5956
Deoghar ,20,JHARKHAND,5,203116,108243,94873,25929,13907,12022
Deoli ,7,NCT OF DELHI,9,169410,91173,78237,22526,12001,10525
Deoria ,9,UTTAR PRADESH,59,129570,67754,61816,13821,7243,6578
Dewas ,23,MADHYA PRADESH,20,289438,150193,139245,34435,18117,16318
Dhanbad ,20,JHARKHAND,9,1161561,615589,545972,146463,76767,69696
Dharmavaram ,28,ANDHRA PRADESH,22,121992,62186,59806,11963,6441,5522
Dhaulpur ,8,RAJASTHAN,8,126142,67740,58402,17199,9459,7740
Dhule ,27,MAHARASHTRA,2,376093,193854,182239,43677,23246,20431
Dibrugarh ,18,ASSAM,11,138661,72044,66617,11862,6114,5748
Dimapur ,13,NAGALAND,5,123777,65017,58760,14438,7345,7093
Dinapur Nizamat ,10,BIHAR,28,182241,97129,85112,25092,13398,11694
Dindigul ,33,TAMIL NADU,11,207225,102927,104298,18230,9301,8929
Dum Dum ,19,WEST BENGAL,11,117637,61039,56598,6678,3484,3194
Durg ,22,CHHATTISGARH,10,268679,136537,132142,29165,15044,14121
Durgapur ,19,WEST BENGAL,9,566937,294349,272588,50512,25959,24553
Eluru ,28,ANDHRA PRADESH,15,214414,105707,108707,18125,9048,9077
English Bazar ,19,WEST BENGAL,6,216083,115126,100957,33211,18647,14564
Erode ,33,TAMIL NADU,9,156953,78094,78859,13675,6935,6740
Etah ,9,UTTAR PRADESH,70,118632,62966,55666,14164,7653,6511
Etawah ,9,UTTAR PRADESH,30,256790,135829,120961,28922,15521,13401
Faizabad ,9,UTTAR PRADESH,46,167544,87279,80265,16479,8658,7821
Faridabad ,6,HARYANA,20,1404653,750446,654207,176773,95808,80965
Farrukhabad-cum-Fatehgarh ,9,UTTAR PRADESH,28,275754,145515,130239,32342,17340,15002
Fatehpur ,9,UTTAR PRADESH,41,193801,101620,92181,22078,11850,10228
Firozabad ,9,UTTAR PRADESH,16,603797,321624,282173,82439,43543,38896
Firozpur ,3,PUNJAB,9,110091,58401,51690,11516,6262,5254
Gadag-Betigeri ,29,KARNATAKA,7,172813,86165,86648,18419,9519,8900
Gandhidham ,24,GUJARAT,1,248705,132388,116317,31224,16352,14872
Gandhinagar ,24,GUJARAT,6,208299,109479,98820,18851,10423,8428
Ganganagar ,8,RAJASTHAN,1,224773,120929,103844,24768,13651,11117
Gangapur City ,8,RAJASTHAN,10,119045,62910,56135,16098,8693,7405
Gangawati ,29,KARNATAKA,6,105354,52678,52676,13122,6709,6413
Gaya ,10,BIHAR,34,463454,245764,217690,59015,30966,28049
Ghazipur ,9,UTTAR PRADESH,64,110698,58126,52572,12689,6773,5916
Giridih ,20,JHARKHAND,4,114447,59924,54523,15446,8149,7297
Godhra ,24,GUJARAT,17,143126,73868,69258,17364,9045,8319
Gokal Pur ,7,NCT OF DELHI,3,121938,64935,57003,15299,8282,7017
Gonda ,9,UTTAR PRADESH,52,114353,58484,55869,12289,6476,5813
Gondal ,24,GUJARAT,9,112064,58417,53647,11591,6358,5233
Gondiya ,27,MAHARASHTRA,11,132889,66756,66133,12835,6652,6183
Gorakhpur ,9,UTTAR PRADESH,57,671048,353550,317498,62205,32969,29236
Greater Hyderabad ,28,ANDHRA PRADESH,99,6809970,3500802,3309168,725816,373794,352022
Greater Mumbai ,27,MAHARASHTRA,99,12478447,6736815,5741632,1139146,599007,540139
Greater Noida ,9,UTTAR PRADESH,10,107676,58662,49014,15517,8512,7005
Gudivada ,28,ANDHRA PRADESH,16,118289,58941,59348,9952,5081,4871
Gulbarga ,29,KARNATAKA,25,532031,272451,259580,69146,36073,33073
Guna ,23,MADHYA PRADESH,41,180978,94645,86333,23757,12658,11099
Guntakal ,28,ANDHRA PRADESH,22,126479,62695,63784,12614,6495,6119
Guntur ,28,ANDHRA PRADESH,17,651382,323151,328231,59486,30307,29179
Gurgaon ,6,HARYANA,18,876824,475612,401212,108623,58842,49781
Guwahati ,18,ASSAM,23,963429,502255,461174,86806,43217,43589
Gwalior ,23,MADHYA PRADESH,4,1053505,560887,492618,114190,62516,51674
Habra ,19,WEST BENGAL,11,149675,76510,73165,11211,5799,5412
Hajipur ,10,BIHAR,18,147126,78561,68565,20090,10694,9396
Haldia ,19,WEST BENGAL,19,200762,104852,95910,21122,10799,10323
Haldwani-cum-Kathgodam ,5,UTTARAKHAND,11,156060,81918,74142,19783,10397,9386
Halisahar ,19,WEST BENGAL,11,126893,66654,60239,10600,5513,5087
Hanumangarh ,8,RAJASTHAN,2,151104,79817,71287,17947,9709,8238
Haora ,19,WEST BENGAL,15,1072161,560577,511584,83010,43155,39855
Hapur ,9,UTTAR PRADESH,9,262801,139694,123107,36714,19822,16892
Hardoi ,9,UTTAR PRADESH,24,126890,66752,60138,13040,6942,6098
Hardwar ,5,UTTARAKHAND,13,225235,120201,105034,25950,13853,12097
Hassan ,29,KARNATAKA,20,133723,66380,67343,12670,6517,6153
Hastsal ,7,NCT OF DELHI,7,177033,95068,81965,23920,12775,11145
Hathras ,9,UTTAR PRADESH,13,137509,73376,64133,16686,9096,7590
Hazaribag ,20,JHARKHAND,15,142494,74267,68227,16100,8485,7615
Hindaun ,8,RAJASTHAN,9,105690,56178,49512,15451,8345,7106
Hindupur ,28,ANDHRA PRADESH,22,151835,76625,75210,16309,8263,8046
Hinganghat ,27,MAHARASHTRA,8,100416,51881,48535,9681,5175,4506
Hisar ,6,HARYANA,12,301249,163338,137911,33514,18015,15499
Hoshangabad ,23,MADHYA PRADESH,32,117956,61610,56346,13012,6964,6048
Hoshiarpur ,3,PUNJAB,4,168443,88290,80153,16836,9178,7658
Hospet ,29,KARNATAKA,11,206159,102923,103236,26478,13508,12970
Hosur ,33,TAMIL NADU,30,116821,59411,57410,13288,6746,6542
Hubli-Dharwad ,29,KARNATAKA,8,943857,475980,467877,99989,51293,48696
Hugli-Chinsurah ,19,WEST BENGAL,12,177209,88952,88257,11409,5763,5646
Ichalkaranji ,27,MAHARASHTRA,34,287570,149691,137879,32880,17402,15478
Imphal ,14,MANIPUR ,99,264986,128931,136055,25877,13347,12530
Indore ,23,MADHYA PRADESH,22,1960631,1020883,939748,225111,119354,105757
Jabalpur ,23,MADHYA PRADESH,34,1054336,546561,507775,107882,56746,51136
Jagadhri ,6,HARYANA,3,124915,67752,57163,13635,7484,6151
Jagdalpur ,22,CHHATTISGARH,15,125345,63910,61435,13804,7192,6612
Jaipur ,8,RAJASTHAN,12,3073350,1619280,1454070,378788,204320,174468
Jalandhar ,3,PUNJAB,3,862196,458015,404181,83669,44850,38819
Jalgaon ,27,MAHARASHTRA,3,460468,241228,219240,51544,28548,22996
Jalna ,27,MAHARASHTRA,18,285349,147714,137635,37695,19982,17713
Jalpaiguri ,19,WEST BENGAL,2,107351,53749,53602,8075,4124,3951
Jamalpur ,10,BIHAR,24,105221,56231,48990,12298,6587,5711
Jammu ,1,JAMMU & KASHMIR,21,503690,265346,238344,42655,23317,19338
Jamnagar ,24,GUJARAT,10,529308,276202,253106,51106,27452,23654
Jamshedpur ,20,JHARKHAND,12,629659,327912,301747,64098,33972,30126
Jamuria ,19,WEST BENGAL,9,144971,75574,69397,17556,9017,8539
Jaunpur ,9,UTTAR PRADESH,63,168128,88704,79424,18033,9449,8584
Jehanabad ,10,BIHAR,37,102456,54868,47588,14516,7706,6810
Jetpur Navagadh ,24,GUJARAT,9,118550,62331,56219,12295,6684,5611
Jhansi ,9,UTTAR PRADESH,35,507293,268101,239192,51762,27715,24047
Jhunjhunun ,8,RAJASTHAN,5,118966,61906,57060,16563,8887,7676
Jind ,6,HARYANA,9,166225,88561,77664,18825,10280,8545
Jodhpur ,8,RAJASTHAN,15,1033918,544057,489861,126543,66662,59881
Junagadh ,24,GUJARAT,12,320250,164091,156159,27375,14651,12724
Kadapa ,28,ANDHRA PRADESH,20,341823,171797,170026,36299,18876,17423
Kaithal ,6,HARYANA,5,144633,76657,67976,16690,9156,7534
Kakinada ,28,ANDHRA PRADESH,14,312255,152596,159659,27181,13777,13404
Kalol ,24,GUJARAT,6,112126,59380,52746,12035,6572,5463
Kalyani ,19,WEST BENGAL,10,100620,50867,49753,7604,3890,3714
Kamarhati ,19,WEST BENGAL,11,336579,174840,161739,23863,12324,11539
Kancheepuram ,33,TAMIL NADU,3,164265,81990,82275,14464,7331,7133
Kanchrapara ,19,WEST BENGAL,11,122181,61770,60411,8532,4406,4126
Kanpur ,9,UTTAR PRADESH,33,2767031,1502370,1264661,251127,135498,115629
Kanpur City,9,UTTAR PRADESH,33,108035,58505,49530,10750,5617,5133
Karaikkudi ,33,TAMIL NADU,21,106793,53425,53368,9940,5045,4895
Karawal Nagar ,7,NCT OF DELHI,3,224666,120284,104382,30985,16871,14114
Karimnagar ,28,ANDHRA PRADESH,3,260899,131769,129130,25035,12831,12204
Karnal ,6,HARYANA,6,286974,151668,135306,31291,17319,13972
Kasganj ,9,UTTAR PRADESH,71,101241,53507,47734,13043,7139,5904
Kashipur ,5,UTTARAKHAND,12,121610,63625,57985,14381,7792,6589
Katihar ,10,BIHAR,10,225982,119142,106840,31036,16054,14982
Khammam ,28,ANDHRA PRADESH,10,184252,91019,93233,17131,8876,8255
Khandwa ,23,MADHYA PRADESH,49,200681,102873,97808,24079,12659,11420
Khanna ,3,PUNJAB,7,128130,67811,60319,13218,7232,5986
Kharagpur ,19,WEST BENGAL,18,206923,106735,100188,17731,9084,8647
Khardaha ,19,WEST BENGAL,11,111130,56792,54338,6579,3406,3173
Khargone ,23,MADHYA PRADESH,23,106452,54684,51768,13378,7020,6358
Khora ,9,UTTAR PRADESH,9,189410,102669,86741,26599,14350,12249
Khurja ,9,UTTAR PRADESH,11,111089,58577,52512,15510,8502,7008
Kirari Suleman Nagar ,7,NCT OF DELHI,1,282598,152135,130463,40720,21149,19571
Kishanganj ,10,BIHAR,8,107076,55688,51388,17017,8743,8274
Kishangarh ,8,RAJASTHAN,21,155019,80343,74676,21765,11602,10163
Kochi ,32,KERALA,8,601574,296668,304906,52466,26863,25603
Kolar ,29,KARNATAKA,27,138553,70064,68489,15993,8055,7938
Kolhapur ,27,MAHARASHTRA,34,549283,280820,268463,49914,27245,22669
Kolkata ,19,WEST BENGAL,16,4486679,2362662,2124017,300052,155475,144577
Kollam ,32,KERALA,13,349033,168076,180957,31304,16018,15286
Korba ,22,CHHATTISGARH,5,363210,188514,174696,45354,23426,21928
Kota ,8,RAJASTHAN,29,1001365,529795,471570,118139,62958,55181
Kozhikode ,32,KERALA,4,432097,206494,225603,41574,21208,20366
Krishnanagar ,19,WEST BENGAL,10,152203,76700,75503,10794,5624,5170
Kulti ,19,WEST BENGAL,9,313977,163819,150158,33375,17321,16054
Kumbakonam ,33,TAMIL NADU,19,140113,69350,70763,11972,6032,5940
Kurichi ,33,TAMIL NADU,31,125800,63033,62767,12092,6111,5981
Kurnool ,28,ANDHRA PRADESH,21,424920,211875,213045,44264,22875,21389
Lakhimpur ,9,UTTAR PRADESH,22,152010,81050,70960,16307,8712,7595
Lalitpur ,9,UTTAR PRADESH,36,133041,69548,63493,16193,8413,7780
Latur ,27,MAHARASHTRA,28,382754,198151,184603,45822,24773,21049
Loni ,9,UTTAR PRADESH,9,512296,273859,238437,76231,40450,35781
Lucknow ,9,UTTAR PRADESH,26,2815601,1470133,1345468,280817,147690,133127
Ludhiana ,3,PUNJAB,7,1613878,874773,739105,173021,92492,80529
Machilipatnam ,28,ANDHRA PRADESH,16,170008,83561,86447,13778,7076,6702
Madanapalle ,28,ANDHRA PRADESH,23,135669,67432,68237,13448,6944,6504
Madavaram ,33,TAMIL NADU,1,118525,59631,58894,11835,6049,5786
Madhyamgram ,19,WEST BENGAL,11,198964,100611,98353,15248,7769,7479
Madurai ,33,TAMIL NADU,22,1016885,509313,507572,91497,46785,44712
Mahbubnagar ,28,ANDHRA PRADESH,7,157902,79423,78479,16791,8761,8030
Mahesana ,24,GUJARAT,4,184133,97212,86921,17337,9838,7499
Maheshtala ,19,WEST BENGAL,17,449423,231044,218379,43469,22210,21259
Mainpuri ,9,UTTAR PRADESH,17,117327,61481,55846,14300,7735,6565
Malegaon ,27,MAHARASHTRA,20,471006,239243,231763,74494,38387,36107
Malerkotla ,3,PUNJAB,19,135330,71401,63929,16315,8365,7950
Mandoli ,7,NCT OF DELHI,3,120345,64123,56222,16212,8547,7665
Mandsaur ,23,MADHYA PRADESH,16,141468,72370,69098,15721,8282,7439
Mandya ,29,KARNATAKA,19,137735,68748,68987,13269,6826,6443
Mangalore ,29,KARNATAKA,21,484785,240651,244134,41471,21485,19986
Mango ,20,JHARKHAND,12,224002,116243,107759,28258,14769,13489
Mathura ,9,UTTAR PRADESH,14,349336,186586,162750,41888,22536,19352
Maunath Bhanjan ,9,UTTAR PRADESH,61,279060,143273,135787,40651,20820,19831
Medinipur ,19,WEST BENGAL,18,169127,85362,83765,14365,7259,7106
Meerut ,9,UTTAR PRADESH,7,1309023,689567,619456,163910,88567,75343
Mira Bhayander ,27,MAHARASHTRA,21,814655,434330,380325,84238,44688,39550
Miryalaguda ,28,ANDHRA PRADESH,8,103855,52048,51807,10435,5357,5078
Mirzapur-cum-Vindhyachal ,9,UTTAR PRADESH,68,233691,125003,108688,27774,14779,12995
Modinagar ,9,UTTAR PRADESH,9,130161,69179,60982,14181,7975,6206
Moga ,3,PUNJAB,8,150432,79760,70672,15502,8348,7154
Moradabad ,9,UTTAR PRADESH,4,889810,466432,423378,110376,57999,52377
Morena ,23,MADHYA PRADESH,2,200506,108405,92101,26454,14636,11818
Morvi ,24,GUJARAT,9,188278,97860,90418,21854,11736,10118
Motihari ,10,BIHAR,2,125183,67438,57745,16325,8891,7434
Mughalsarai ,9,UTTAR PRADESH,65,110110,57925,52185,13997,7377,6620
Muktsar ,3,PUNJAB,10,117085,62005,55080,13639,7448,6191
Munger ,10,BIHAR,24,213101,113173,99928,29260,15323,13937
Murwara ,23,MADHYA PRADESH,33,221875,115463,106412,25168,13299,11869
Mustafabad ,7,NCT OF DELHI,3,127012,66754,60258,19370,10176,9194
Muzaffarnagar ,9,UTTAR PRADESH,2,392451,206902,185549,48692,26401,22291
Muzaffarpur ,10,BIHAR,14,351838,186145,165693,42276,22287,19989
Mysore ,29,KARNATAKA,23,887446,443813,443633,77988,40106,37882
Nabadwip ,19,WEST BENGAL,10,125528,65300,60228,8388,4329,4059
Nadiad ,24,GUJARAT,16,218150,112381,105769,19994,10804,9190
Nagaon ,18,ASSAM,6,116355,59021,57334,11388,5574,5814
Nagapattinam ,33,TAMIL NADU,17,102838,50809,52029,11308,5858,5450
Nagaur ,8,RAJASTHAN,14,100618,52220,48398,12974,6914,6060
Nagda ,23,MADHYA PRADESH,18,100036,51410,48626,11053,5840,5213
Nagercoil ,33,TAMIL NADU,28,224329,110132,114197,19034,9599,9435
Nagpur ,27,MAHARASHTRA,9,2405421,1226610,1178811,237865,123851,114014
Naihati ,19,WEST BENGAL,11,221762,112773,108989,17442,9057,8385
Nalgonda ,28,ANDHRA PRADESH,8,135163,67749,67414,13562,6924,6638
Nanded Waghala ,27,MAHARASHTRA,15,550564,286152,264412,68181,36417,31764
Nandurbar ,27,MAHARASHTRA,1,111067,57543,53524,12621,6868,5753
Nandyal ,28,ANDHRA PRADESH,21,200746,100770,99976,20588,10723,9865
Nangloi Jat ,7,NCT OF DELHI,7,205497,110068,95429,28274,15215,13059
Narasaraopet ,28,ANDHRA PRADESH,17,116329,58898,57431,10445,5390,5055
Nashik ,27,MAHARASHTRA,20,1486973,784995,701978,169753,91457,78296
Navi Mumbai ,27,MAHARASHTRA,21,1119477,611501,507976,124015,65230,58785
Navi Mumbai Panvel Raigarh ,27,MAHARASHTRA,24,194999,107771,87228,25679,13633,12046
Navsari ,24,GUJARAT,23,160100,82925,77175,15754,8427,7327
Neemuch ,23,MADHYA PRADESH,15,128108,67322,60786,14950,7809,7141
Nellore ,28,ANDHRA PRADESH,19,505258,257043,248215,42041,21701,20340
New Delhi ,7,NCT OF DELHI,99,249998,136438,113560,20857,11158,9699
Neyveli ,33,TAMIL NADU,16,105687,53442,52245,6634,3496,3138
Nizamabad ,28,ANDHRA PRADESH,2,310467,155163,155304,34256,17408,16848
Noida ,9,UTTAR PRADESH,10,642381,352577,289804,83530,44493,39037
North Barrackpur ,19,WEST BENGAL,11,134825,68136,66689,8265,4310,3955
North Dum Dum ,19,WEST BENGAL,11,253625,128620,125005,17290,8871,8419
Ongole ,28,ANDHRA PRADESH,18,202826,101728,101098,18673,9651,9022
Orai ,9,UTTAR PRADESH,34,187185,99564,87621,20031,10859,9172
Osmanabad ,27,MAHARASHTRA,29,112085,58098,53987,13346,7184,6162
Ozhukarai ,34,PUDUCHERRY,2,300028,148154,151874,29214,14910,14304
Palakkad ,32,KERALA,6,131019,63833,67186,11614,5930,5684
Palanpur ,24,GUJARAT,2,127125,66384,60741,14382,7810,6572
Pali ,8,RAJASTHAN,20,229956,120008,109948,30566,16257,14309
Pallavaram ,33,TAMIL NADU,3,216308,108381,107927,20936,10585,10351
Palwal ,6,HARYANA,21,127931,67887,60044,15662,8614,7048
Panchkula ,6,HARYANA,1,210175,111622,98553,22111,12024,10087
Panihati ,19,WEST BENGAL,11,383522,193333,190189,24678,12599,12079
Panipat ,6,HARYANA,7,294150,157302,136848,35477,19246,16231
Panvel ,27,MAHARASHTRA,24,180464,93135,87329,17512,9213,8299
Parbhani ,27,MAHARASHTRA,17,307191,157628,149563,40075,21187,18888
Patan ,24,GUJARAT,3,125502,65628,59874,12287,6589,5698
Pathankot ,3,PUNJAB,1,148357,77833,70524,13496,7488,6008
Patiala ,3,PUNJAB,14,405164,215606,189558,39155,21058,18097
Patna ,10,BIHAR,28,1683200,894158,789042,190496,102208,88288
Pilibhit ,9,UTTAR PRADESH,20,130428,68855,61573,11767,6138,5629
Pimpri Chinchwad ,27,MAHARASHTRA,25,1729359,945953,783406,216695,116421,100274
Pithampur ,23,MADHYA PRADESH,21,126099,70577,55522,20438,10872,9566
Porbandar ,24,GUJARAT,11,152136,78490,73646,13867,7415,6452
Port Blair ,35,ANDAMAN & NICOBAR ISLANDS,3,100608,53247,47361,9358,4852,4506
Proddatur ,28,ANDHRA PRADESH,20,162816,81368,81448,15516,7999,7517
Puducherry ,34,PUDUCHERRY,2,241773,118205,123568,22412,11245,11167
Pudukkottai ,33,TAMIL NADU,20,117215,58601,58614,10853,5566,5287
Pune ,27,MAHARASHTRA,25,3115431,1602137,1513294,324572,171152,153420
Puri ,21,ORISSA,18,201026,104267,96759,17000,8939,8061
Purnia ,10,BIHAR,9,280547,148021,132526,41046,21081,19965
Puruliya ,19,WEST BENGAL,14,121436,62520,58916,11491,5877,5614
Rae Bareli ,9,UTTAR PRADESH,27,191056,99844,91212,18866,9886,8980
Raichur ,29,KARNATAKA,5,232456,117408,115048,27924,14286,13638
Raiganj ,19,WEST BENGAL,4,183682,96589,87093,20547,10576,9971
Raigarh ,22,CHHATTISGARH,4,137097,70234,66863,16576,8637,7939
Raipur ,22,CHHATTISGARH,11,1010087,519286,490801,124471,64522,59949
Rajahmundry ,28,ANDHRA PRADESH,14,343903,169786,174117,29883,15152,14731
Rajapalayam ,33,TAMIL NADU,24,130119,64624,65495,10504,5371,5133
Rajarhat Gopalpur ,19,WEST BENGAL,11,404991,205560,199431,34088,17354,16734
Rajkot ,24,GUJARAT,9,1286995,675731,611264,131841,72139,59702
Rajnandgaon ,22,CHHATTISGARH,9,163122,81873,81249,18677,9610,9067
Rajpur Sonarpur ,19,WEST BENGAL,17,423806,215983,207823,31588,16186,15402
Ramagundam ,28,ANDHRA PRADESH,3,229632,116920,112712,16967,8946,8021
Rampur ,9,UTTAR PRADESH,5,325248,169826,155422,37945,19736,18209
Ranchi ,20,JHARKHAND,19,1073440,559031,514409,122353,64446,57907
Ranibennur ,29,KARNATAKA,10,106365,53933,52432,11572,5982,5590
Raniganj ,19,WEST BENGAL,9,128624,67150,61474,14833,7759,7074
Ratlam ,23,MADHYA PRADESH,17,264810,135007,129803,28413,14780,13633
Raurkela Industrial Township ,21,ORISSA,5,210412,109823,100589,20399,10817,9582
Raurkela Town ,21,ORISSA,5,273217,144949,128268,29050,15297,13753
Rewa ,23,MADHYA PRADESH,13,235422,124634,110788,24234,13131,11103
Rewari ,6,HARYANA,17,140864,74689,66175,15986,8958,7028
Rishra ,19,WEST BENGAL,12,124585,66767,57818,11430,6015,5415
Robertson Pet ,29,KARNATAKA,27,146428,72378,74050,13322,6619,6703
Rohtak ,6,HARYANA,14,373133,197754,175379,40715,22711,18004
Roorkee ,5,UTTARAKHAND,13,118188,63508,54680,11596,6337,5259
Rudrapur ,5,UTTARAKHAND,12,140884,74276,66608,19727,10342,9385
S.A.S. Nagar ,3,PUNJAB,18,146104,76441,69663,13155,6975,6180
Sagar ,23,MADHYA PRADESH,10,273357,142655,130702,32171,16725,15446
Saharanpur ,9,UTTAR PRADESH,1,703345,371858,331487,88501,47024,41477
Saharsa ,10,BIHAR,12,155175,82589,72586,24582,12814,11768
Salem ,33,TAMIL NADU,7,831038,418337,412701,73218,37452,35766
Sambalpur ,21,ORISSA,3,183383,94627,88756,18555,9857,8698
Sambhal ,9,UTTAR PRADESH,4,221334,116008,105326,34279,17702,16577
Sangli Miraj Kupwad ,27,MAHARASHTRA,35,502697,255270,247427,51536,27524,24012
Santipur ,19,WEST BENGAL,10,151774,77044,74730,12975,6565,6410
Sasaram ,10,BIHAR,32,147396,77687,69709,19363,10189,9174
Satara ,27,MAHARASHTRA,31,120079,61075,59004,11023,5833,5190
Satna ,23,MADHYA PRADESH,12,280248,147924,132324,31822,16987,14835
Sawai Madhopur ,8,RAJASTHAN,10,120998,63223,57775,15286,8170,7116
Secunderabad ,28,ANDHRA PRADESH,5,213698,111664,102034,19802,10113,9689
Sehore ,23,MADHYA PRADESH,28,108818,56284,52534,12859,6743,6116
Seoni ,23,MADHYA PRADESH,39,102377,52354,50023,10413,5467,4946
Serampore ,19,WEST BENGAL,12,183339,94514,88825,12817,6547,6270
Shahjahanpur ,9,UTTAR PRADESH,21,327975,173133,154842,36606,19420,17186
Shamli ,9,UTTAR PRADESH,2,107233,57236,49997,13724,7634,6090
Shikohabad ,9,UTTAR PRADESH,16,107300,57017,50283,12956,7106,5850
Shillong ,17,MEGHALAYA,6,143007,70028,72979,13792,7120,6672
Shimla ,2,HIMACHAL PRADESH,11,169758,93364,76394,13646,7221,6425
Shimoga ,29,KARNATAKA,14,322428,161978,160450,31626,16130,15496
Shivpuri ,23,MADHYA PRADESH,6,179972,95227,84745,22683,12075,10608
Sikar ,8,RAJASTHAN,13,237579,123156,114423,32189,17236,14953
Silchar ,18,ASSAM,17,172709,86812,85897,15467,7977,7490
Siliguri ,19,WEST BENGAL,99,509709,261218,248491,48250,25023,23227
Singrauli ,23,MADHYA PRADESH,46,220295,117276,103019,29569,15438,14131
Sirsa ,6,HARYANA,11,183282,96806,86476,20161,11161,9000
Sitapur ,9,UTTAR PRADESH,23,177351,93410,83941,18529,9871,8658
Siwan ,10,BIHAR,16,134458,70670,63788,17632,9440,8192
Solapur ,27,MAHARASHTRA,30,951118,482194,468924,104466,54728,49738
Sonipat ,6,HARYANA,8,277053,147933,129120,30809,17232,13577
South Dum Dum ,19,WEST BENGAL,11,410524,206558,203966,26900,13734,13166
Srikakulam ,28,ANDHRA PRADESH,11,126003,62583,63420,11001,5686,5315
Srinagar ,1,JAMMU & KASHMIR,10,1192792,631916,560876,148178,79293,68885
Sujangarh ,8,RAJASTHAN,4,101528,52078,49450,14723,7775,6948
Sultan Pur Majra ,7,NCT OF DELHI,1,181624,95816,85808,24254,12842,11412
Sultanpur ,9,UTTAR PRADESH,48,107914,56674,51240,11266,5975,5291
Surat ,24,GUJARAT,25,4462002,2538243,1923759,531522,293208,238314
Surendranagar Dudhrej ,24,GUJARAT,8,177827,92728,85099,18599,9982,8617
Suryapet ,28,ANDHRA PRADESH,8,105250,52138,53112,9388,4822,4566
Tadepalligudem ,28,ANDHRA PRADESH,15,103577,51176,52401,9048,4662,4386
Tadpatri ,28,ANDHRA PRADESH,22,108249,54027,54222,11325,5813,5512
Tambaram ,33,TAMIL NADU,3,176807,90803,86004,16048,7947,8101
Tenali ,28,ANDHRA PRADESH,17,164649,81324,83325,13040,6630,6410
Thane ,27,MAHARASHTRA,21,1818872,966293,852579,186259,98017,88242
Thanesar ,6,HARYANA,4,154962,83655,71307,15594,8401,7193
Thanjavur ,33,TAMIL NADU,19,222619,109291,113328,18584,9581,9003
Thiruvananthapuram ,32,KERALA,14,752490,364657,387833,61619,31156,30463
Thoothukkudi ,33,TAMIL NADU,26,237374,118039,119335,23443,11864,11579
Thrissur ,32,KERALA,7,315596,151999,163597,25252,12953,12299
Tiruchirappalli ,33,TAMIL NADU,13,846915,418128,428787,74381,37866,36515
Tirunelveli ,33,TAMIL NADU,27,474838,234643,240195,43988,22511,21477
Tirupati ,28,ANDHRA PRADESH,23,287035,145977,141058,24643,12869,11774
Tiruppur ,33,TAMIL NADU,32,444543,227469,217074,45091,23039,22052
Tiruvannamalai ,33,TAMIL NADU,5,144683,72351,72332,14530,7413,7117
Tiruvottiyur ,33,TAMIL NADU,1,248059,124852,123207,24007,12185,11822
Titagarh ,19,WEST BENGAL,11,118426,63936,54490,10816,5729,5087
Tonk ,8,RAJASTHAN,22,165363,84927,80436,23122,12280,10842
Tumkur ,29,KARNATAKA,17,305821,155406,150415,29655,15233,14422
Udaipur ,8,RAJASTHAN,32,451735,234681,217054,47352,25338,22014
Udgir ,27,MAHARASHTRA,28,104063,54445,49618,13075,6933,6142
Udupi ,29,KARNATAKA,15,125350,62031,63319,10283,5364,4919
Ujjain ,23,MADHYA PRADESH,18,515215,265291,249924,57630,30007,27623
Ulhasnagar ,27,MAHARASHTRA,21,506937,270373,236564,48513,25492,23021
Uluberia ,19,WEST BENGAL,15,222175,114144,108031,25187,12991,12196
Unnao ,9,UTTAR PRADESH,25,178681,94080,84601,18604,9949,8655
Uttarpara Kotrung ,19,WEST BENGAL,12,162386,82815,79571,11140,5815,5325
Vadodara ,24,GUJARAT,19,1666703,866701,800002,156480,84307,72173
Valsad ,24,GUJARAT,24,114987,58958,56029,9609,5119,4490
Varanasi ,9,UTTAR PRADESH,66,1201815,636860,564955,129180,68761,60419
Vasai Virar City ,27,MAHARASHTRA,21,1221233,649535,571698,137343,71716,65627
Vellore ,33,TAMIL NADU,4,185895,91464,94431,18363,9305,9058
Veraval ,24,GUJARAT,12,153696,78161,75535,17107,9003,8104
Vidisha ,23,MADHYA PRADESH,26,155959,81424,74535,19360,10122,9238
Vijayawada ,28,ANDHRA PRADESH,16,1048240,524918,523322,92848,47582,45266
Visakhapatnam,28,ANDHRA PRADESH,13,1730320,875199,855121,158924,81119,77805
Vizianagaram ,28,ANDHRA PRADESH,12,227533,111596,115937,20487,10495,9992
Warangal ,28,ANDHRA PRADESH,9,620116,310400,309716,55392,28434,26958
Wardha ,27,MAHARASHTRA,8,105543,53241,52302,9754,5139,4615
Yamunanagar ,6,HARYANA,3,216628,115404,101224,22905,12556,10349
Yavatmal ,27,MAHARASHTRA,14,116714,58717,57997,11081,5894,5187
